1.0
390070071 6000049 390080005 390077025 6000047 6000042 390070074 390077005 6000041 6000053
390070053 390070077 6000043 390070052 390077022 390070100 390077012 390070064 390070070 390077013
390070076 390077033 390077017 390070065 390070105 6000040 6000038 6000052 390080007 6000044
6000048 6000045 390077024 390077029 390070075 390070066 390077038 390077016 390077021 390077023
6000039 390080003 390070069 6000050 390070051 390077004 390070068 390070067

1.1
6000058 6000057 6000056 6000055 6000054 6000051

1.3
6000060

2.0
6000085 6000083 6000082 6000084 6000073 6000074 6000075 6000077 6000078 6000076
6000079 6000080 6000081 6000065 6000066 6000064 6000067 6000068 6000069 6000070
6000071 6000063 6000062 6000072 6000086 6000087 6000088 6000089 6000090 6000091 6000092

2.1
6000096 6000097 6000095 6000093 6000094

2.2
6000106 6000105 6000104 6000101 6000102 6000103 6000098 6000099 6000100

2.4
6000114 6000112 6000113 6000111 6000110 6000108 6000107 6000109

2.5
6000116 6000115 6000117 6000119 6000118

2.6
6000121 6000120 6000160 6000165 6000166 6000162 6000161 6000164 6000163

2.7
6000167 6000168 6000170 6000169

2.8
6000173 6000171 6000172

3.0
6000189 6000190 6000179 6000181 6000182 6000183 6000184 6000185 6000186 6000187 6000188 6000175 6000176 6000177 6000178 6000174

3.1
6000191 6000192 6000193 6000195 6000196 6000197

3.3
6000200 6000199 6000198

3.4
6000201

3.5
6000206 6000207 6000208 6000209 6000210 6000211 6000205 6000203 6000204 6000214 6000202 6000212 6000213 6000215 6000216 6000217 6000218
